1 0.450266 0.028864 0.065719 0.057728
1 0.556838 0.054004 0.051510 0.081937
1 0.769982 0.206704 0.047957 0.040968
1 0.291297 0.218808 0.031972 0.031657
1 0.793961 0.279330 0.042629 0.059590
1 0.335702 0.286778 0.035524 0.026071
1 0.105684 0.313780 0.044405 0.054004
1 0.384547 0.401304 0.026643 0.042831
1 0.618117 0.459032 0.046181 0.083799
1 0.515098 0.532588 0.039076 0.040968
1 0.574600 0.573557 0.023091 0.029795
1 0.364121 0.632216 0.028419 0.035382
1 0.254885 0.725326 0.051510 0.046555
1 0.062167 0.795158 0.039076 0.063315
1 0.464476 0.834264 0.044405 0.040968
1 0.105684 0.860335 0.037300 0.063315
1 0.055950 0.866853 0.033748 0.039106
1 0.375666 0.880819 0.044405 0.033520
1 0.300178 0.945996 0.049734 0.104283
1 0.711368 0.969274 0.076377 0.057728
1 0.410302 0.983240 0.078153 0.029795
