1 0.699822 0.020484 0.049734 0.040968
1 0.301066 0.117318 0.051510 0.070764
1 0.363233 0.156425 0.047957 0.052142
1 0.223801 0.193669 0.067496 0.100559
1 0.484902 0.229050 0.039076 0.052142
1 0.523979 0.229050 0.035524 0.029795
1 0.384547 0.263501 0.076377 0.035382
1 0.947602 0.454376 0.047957 0.048417
1 0.561279 0.522346 0.024867 0.061453
1 0.640320 0.534451 0.047957 0.055866
1 0.946714 0.576350 0.046181 0.072626
1 0.153641 0.611732 0.062167 0.065177
1 0.496448 0.718808 0.104796 0.081937
1 0.389876 0.726257 0.026643 0.040968
1 0.273535 0.822160 0.035524 0.042831
1 0.920071 0.853818 0.056838 0.054004
1 0.220249 0.876164 0.049734 0.050279
1 0.713144 0.933892 0.097691 0.083799
