1 0.024867 0.074488 0.049734 0.148976
1 0.491119 0.111732 0.037300 0.037244
1 0.353464 0.189013 0.074600 0.054004
1 0.321492 0.332402 0.017762 0.031657
1 0.208703 0.344507 0.065719 0.067039
1 0.748668 0.351955 0.026643 0.040968
1 0.505329 0.354749 0.026643 0.042831
1 0.577265 0.398510 0.042629 0.052142
1 0.530195 0.406890 0.033748 0.050279
1 0.472469 0.445996 0.028419 0.031657
1 0.557726 0.473929 0.039076 0.054004
1 0.362345 0.483240 0.031972 0.035382
1 0.005329 0.492551 0.010657 0.042831
1 0.310835 0.532588 0.056838 0.078212
1 0.040853 0.657356 0.060391 0.081937
1 0.269094 0.681564 0.079929 0.096834
1 0.508881 0.708566 0.026643 0.050279
1 0.577265 0.726257 0.035524 0.044693
1 0.601243 0.739292 0.033748 0.037244
1 0.462700 0.784916 0.055062 0.046555
1 0.828597 0.786778 0.079929 0.065177
