1 0.629663 0.054004 0.069272 0.055866
1 0.477798 0.152700 0.067496 0.055866
1 0.303730 0.319367 0.095915 0.046555
1 0.586146 0.333333 0.053286 0.055866
1 0.354352 0.427374 0.051510 0.054004
1 0.158970 0.441341 0.108348 0.122905
1 0.691829 0.445065 0.087034 0.119181
1 0.515986 0.490689 0.040853 0.061453
1 0.789520 0.561453 0.051510 0.080074
1 0.053286 0.611732 0.035524 0.042831
1 0.917407 0.683426 0.058615 0.044693
1 0.615453 0.721601 0.040853 0.050279
1 0.531972 0.795158 0.069272 0.074488
1 0.294849 0.827747 0.163410 0.091248
1 0.742451 0.991620 0.049734 0.013035
