1 0.371226 0.021415 0.035524 0.042831
1 0.066607 0.065177 0.037300 0.055866
1 0.497336 0.244879 0.039076 0.035382
1 0.404973 0.258845 0.067496 0.052142
1 0.191829 0.325885 0.046181 0.040968
1 0.484014 0.353818 0.026643 0.059590
1 0.054174 0.385475 0.055062 0.029795
1 0.457371 0.505587 0.030195 0.042831
1 0.068384 0.608007 0.033748 0.046555
1 0.274423 0.635009 0.051510 0.044693
1 0.379218 0.636872 0.030195 0.029795
1 0.661634 0.662942 0.044405 0.040968
1 0.223801 0.711359 0.021314 0.048417
1 0.103020 0.975791 0.031972 0.044693
