1 0.462700 0.011173 0.076377 0.022346
1 0.408526 0.044693 0.056838 0.070764
1 0.609236 0.054935 0.088810 0.057728
1 0.695382 0.070764 0.065719 0.096834
1 0.342806 0.094972 0.031972 0.070764
1 0.179396 0.205773 0.039076 0.061453
1 0.394316 0.210428 0.085258 0.108007
1 0.853464 0.319367 0.055062 0.072626
1 0.142984 0.426443 0.037300 0.044693
1 0.896980 0.430168 0.074600 0.078212
1 0.133215 0.503724 0.049734 0.054004
1 0.589698 0.543762 0.110124 0.137803
1 0.047069 0.548417 0.058615 0.057728
1 0.470693 0.611732 0.049734 0.057728
1 0.105684 0.676909 0.079929 0.080074
1 0.218472 0.681564 0.042629 0.052142
1 0.454707 0.681564 0.042629 0.037244
1 0.363233 0.709497 0.047957 0.055866
1 0.130551 0.770950 0.037300 0.059590
1 0.292185 0.783054 0.051510 0.042831
1 0.043517 0.791434 0.087034 0.122905
1 0.496448 0.889199 0.058615 0.054004
1 0.462700 0.974860 0.051510 0.046555
