1 0.259325 0.045624 0.039076 0.050279
1 0.261989 0.104283 0.023091 0.029795
1 0.523979 0.122905 0.053286 0.037244
1 0.126110 0.128492 0.063943 0.040968
1 0.476909 0.322160 0.030195 0.026071
1 0.947602 0.342644 0.019538 0.040968
1 0.726465 0.384544 0.035524 0.035382
1 0.395204 0.391993 0.023091 0.016760
1 0.233570 0.404097 0.023091 0.022346
1 0.464476 0.405959 0.023091 0.029795
1 0.758437 0.472067 0.031972 0.031657
1 0.511545 0.481378 0.039076 0.035382
1 0.483126 0.550279 0.028419 0.035382
1 0.217584 0.587523 0.019538 0.027933
1 0.777087 0.625698 0.033748 0.037244
1 0.547069 0.628492 0.028419 0.027933
1 0.445826 0.635940 0.031972 0.020484
1 0.050622 0.721601 0.033748 0.027933
1 0.896980 0.806331 0.035524 0.063315
1 0.734458 0.878026 0.023091 0.024209
1 0.404973 0.924581 0.024867 0.024209
1 0.726465 0.930168 0.014210 0.035382
1 0.164298 0.936685 0.037300 0.033520
1 0.277975 0.978585 0.033748 0.039106
1 0.821492 0.980447 0.026643 0.035382
1 0.583481 0.988827 0.030195 0.018622
1 0.626110 0.991620 0.033748 0.013035
