1 0.375666 0.836127 0.051510 0.044693
1 0.118117 0.031657 0.076377 0.063315
1 0.179396 0.057728 0.028419 0.026071
1 0.641208 0.655493 0.031972 0.040968
1 0.173179 0.478585 0.012433 0.022346
1 0.120782 0.539106 0.031972 0.027933
1 0.240675 0.707635 0.030195 0.037244
1 0.527531 0.592179 0.021314 0.026071
1 0.479574 0.849162 0.024867 0.063315
1 0.656306 0.118250 0.030195 0.050279
1 0.116341 0.149907 0.033748 0.031657
1 0.827709 0.862197 0.035524 0.029795
1 0.060391 0.727188 0.021314 0.039106
1 0.067496 0.979516 0.060391 0.037244
1 0.366785 0.635940 0.023091 0.031657
1 0.309059 0.427374 0.014210 0.020484
1 0.390764 0.471136 0.007105 0.011173
1 0.441385 0.382682 0.019538 0.020484
1 0.462700 0.438547 0.015986 0.020484
1 0.521314 0.397579 0.008881 0.024209
1 0.543517 0.349162 0.014210 0.024209
1 0.570160 0.437616 0.014210 0.022346
1 0.491119 0.471136 0.019538 0.011173
1 0.562167 0.482309 0.019538 0.014898
1 0.528419 0.511173 0.023091 0.013035
1 0.380995 0.545624 0.019538 0.018622
1 0.497336 0.580074 0.024867 0.027933
1 0.457371 0.600559 0.012433 0.013035
1 0.473357 0.624767 0.015986 0.013035
1 0.466252 0.653631 0.012433 0.014898
1 0.460036 0.675978 0.021314 0.018622
1 0.514210 0.661080 0.023091 0.026071
1 0.297513 0.821229 0.023091 0.026071
1 0.358792 0.743017 0.017762 0.011173
1 0.242451 0.803538 0.015986 0.024209
