1 0.433393 0.042831 0.049734 0.085661
1 0.344583 0.302607 0.060391 0.080074
1 0.647425 0.877095 0.030195 0.037244
1 0.828597 0.980447 0.033748 0.035382
1 0.887211 0.315642 0.033748 0.057728
1 0.631439 0.180633 0.019538 0.037244
1 0.553286 0.256052 0.044405 0.050279
1 0.139432 0.610801 0.055062 0.040968
1 0.081705 0.522346 0.021314 0.035382
1 0.025755 0.878957 0.019538 0.040968
1 0.549734 0.647114 0.044405 0.027933
1 0.411190 0.700186 0.030195 0.037244
1 0.205151 0.550279 0.030195 0.039106
1 0.085258 0.431099 0.039076 0.042831
1 0.167851 0.391993 0.033748 0.020484
1 0.309059 0.540968 0.024867 0.027933
